3 3 5 9 5 2 4 1 6 9 8 7 5 2 3 6 5 4 2 1
1 2 3 5 2 4 1 6 9 8 7 5 1 5 8 9 6 3 2 5
4 5 6 4 5 6 5 2 4 1 6 9 8 7 5 1 5 8 9 6
7 8 9 4 5 6 1 5 8 9 6 3 2 1 5 8 9 6 3 2
4 5 6 1 5 8 9 6 3 4 5 6 1 5 8 9 6 3 4 5
5 8 9 6 3 2 1 5 8 9 6 3 2 3 2 1 5 8 9 6
1 5 8 9 6 3 7 8 9 4 5 6 1 5 8 9 6 3 2 1
1 5 8 9 6 3 3 2 1 5 8 9 6 3 2 2 1 5 7 7
1 5 8 9 6 3 7 8 9 4 5 9 6 3 2 4 1 6 9 8
5 8 9 6 3 2 1 5 8 9 6 3 2 4 1 6 9 8 7 5 
1 5 8 9 6 3 6 1 5 8 9 6 3 2 1 5 3 3 1 5
4 1 6 9 8 7 5 1 5 8 9 6 3 6 1 5 8 9 6 3 
5 8 9 6 3 2 1 5 8 9 6 3 2 2 1 5 2 1 5 4
7 8 9 4 5 6 1 5 8 9 6 8 9 6 3 2 1 5 8 9
8 9 6 3 2 1 5 8 9 6 3 2 3 2 1 5 8 9 6 3
8 9 6 3 2 1 5 8 9 6 3 2 2 1 5 5 4 2 6 5
8 9 6 3 2 1 5 8 9 6 3 2 6 1 5 8 9 6 3 2 
6 1 5 8 9 6 3 2 1 5 1 6 9 8 7 5 1 5 8 9
3 2 1 5 8 9 6 3 2 5 2 4 1 6 9 8 7 2 1 5
1 6 9 8 7 5 1 5 8 9 6 5 2 4 1 6 9 8 7 6