2.38177 4.49315 8.15113 14.5896 24.3247 36.6808 50.4109 64.8439 80.501 98.6169 120.004 144.307 170.328 197.127 224.891 254.754 287.763 323.909 362.139 401.321 441.289 482.991 527.621 
575.519 625.859 677.409 729.664 783.308 839.588 899.166 961.511 1025.39 1089.99 1155.68 1223.67 1294.88 1369.12 1445.25 1522.23 1600.08 1679.85 1762.68 1848.72 1937.02 2026.38 2116.47 
2208.13 2302.59 2400.35 2500.7 2602.41 2704.82 2808.48 2914.61 3024.02 3136.33 3250.34 3365.11 3480.87 3598.74 3719.78 3843.93 3970.15 4097.31 4225.26 4354.97 4487.63 4623.54 4761.88 
4901.41 5041.64 5183.29 5327.59 5475.19 5625.53 5777.39 5929.97 6083.66 6239.66 6398.9 6561.15 6725.26 6890.22 7056.05 7223.84 7394.69 7568.75 7745.03 7922.37 8100.45 8280.11 8462.59 
8648.37 8836.72 9026.41 9216.8 9408.45 9602.61 9800.04 10000.4 10202.3 10405.1 10608.8 10814.7 11023.8 11236 11450.2 11665.3 11881.2 12099 12319.6 12543.6 12769.9 12997.4 13225.6 
13455.3 13687.6 13923.2 14161.6 14401.4 14642 14883.6 15127.7 15374.9 15625.2 15877.3 16130.2 16384 16639.8 16898.7 17160.8 17425.1 17690.4 17956.4 18224.1 18494.6 18768.4 19044.7 
19322.4 19600.8 19880.4 20162.6 20448.1 20736.4 21026.4 21317.1 21608.8 21902.7 22199.8 22500 22802.2 23105.3 23409.2 23714.9 24023.6 24335.6 24649.9 24965.4 25281.6 25599.2 25919.6 
26243.2 26569.6 26897.4 27225.9 27555.6 27887.6 28222.9 28561.2 28901.3 29242.2 29584 29927.8 30274.7 30624.8 30977.1 31330.4 31684.4 32040.1 32398.6 32760.4 33124.8 33490.4 33856.8 
34224.4 34594.6 34968.1 35344.4 35722.4 36101.1 36480.8 36862.7 37247.8 37636 38026.2 38417.3 38809.2 39202.9 39599.6 39999.6 40401.9 40805.4 41209.6 41615.2 42023.6 42435.2 42849.6 
43265.4 43681.9 44099.6 44519.6 44942.9 45369.2 45797.3 46226.2 46656 47087.8 47522.7 47960.8 48401.1 48842.3 49284.4 49728.1 50174.6 50624.4 51076.8 51530.4 51984.7 52440.4 52898.6 
53360.1 53824.4 54290.4 54757 55224.8 55694.7 56167.8 56644 57122.2 57601.3 58081.2 58562.9 59047.7 59535.6 60026 60517.4 61009.6 61503.2 61999.6 62499.3 63001.6 63505.4 64009.9 
64515.6 65023.6 65535 66049.2 66565.3 67082.2 67600 68119.8 68642.7 69168.8 69697.1 70226.3 70756.3 71288 71822.6 72360.5 72900.8 73442.4 73984.7 74528.4 75074.6 75624.1 76176.5 
76730.4 77285 77840.7 78398.7 78959.8 79524.1 80090.2 80657.3 81225.1 81794.9 82367.7 82943.7 83522 84101.4 84681.5 85263.2 85847.6 86435.3 87025.6 87617.4 88209.9 88803.5 89399.6 
89999 90601.3 91205.3 91810.1 92415.9 93023.8 93634.7 94248.9 94865.1 95482.3 96100.3 96720 97342.6 97968.5 98596.8 99226.4 99856.7 100488 101123 101760 102400 103042 103685 
104329 104975 105624 106276 106930 107585 108241 108899 109560 110224 110890 111557 112226 112895 113568 114243 114922 115601 116282 116964 117648 118335 119025 
119717 120410 121104 121800 122499 123201 123905 124610 125316 126024 126735 127449 128165 128882 129601 130320 131043 131768 132496 133226 133957 134689 135423 
136160 136900 137642 138385 139129 139875 140624 141376 142130 142885 143641 144399 145160 145923 146690 147457 148226 148995 149768 150543 151321 152101 152882 
153664 154448 155235 156025 156817 157610 158404 159200 159999 160801 161605 162410 163217 164024 164835 165648 166465 167282 168101 168921 169743 170568 171396 
172226 173057 173889 174723 175560 176400 177242 178085 178929 179775 180624 181475 182330 183185 184042 184899 185760 186623 187489 188357 189226 190096 190968 
191843 192721 193601 194482 195364 196248 197135 198025 198917 199810 200705 201600 202499 203400 204305 205210 206117 207025 207935 208848 209764 210682 211601 
212521 213443 214368 215296 216226 217157 218089 219023 219960 220899 221842 222785 223730 224675 225624 226575 227529 228485 229442 230400 231360 232323 233289 
234257 235226 236196 237168 238143 239121 240101 241082 242065 243048 244035 245024 246017 247010 248005 249001 249999 1 1 1 1 1 1 
